5733be284776f41900661182,1.0,0,1.0,1,1.0
5733be284776f4190066117f,1.0,0,1.0,0,0.75
5733be284776f41900661180,1.0,0,0.805555555556,0,0
5733be284776f41900661181,1.0,0,1.0,0,0.727272727273
5733be284776f4190066117e,1.0,0,1.0,0,0
5733bf84d058e614000b61be,0.0,1,0.5,0,0
5733bf84d058e614000b61bf,0.0,3,0.325,0,0
5733bf84d058e614000b61c0,0.0,1,0.45,0,0
5733bf84d058e614000b61bd,0.0,3,0.325,0,0
5733bf84d058e614000b61c1,0.0,2,0.333333333333,0,0
5733bed24776f41900661188,1.0,0,1.0,0,0.4
5733bed24776f41900661189,0.0,1,0.45,0,0
5733bed24776f4190066118a,0.0,2,0.333333333333,0,0
5733bed24776f4190066118b,1.0,0,1.0,0,0
5733bed24776f4190066118c,0.0,1,0.5,0,0
5733a6424776f41900660f51,0.0,1,0.5,0,0
5733a6424776f41900660f4e,1.0,0,1.0,0,0
5733a6424776f41900660f4f,1.0,0,1.0,0,0
5733a6424776f41900660f50,1.0,0,0.833333333333,0,0
5733a6424776f41900660f52,1.0,0,1.0,0,0
5733a70c4776f41900660f64,0.0,2,0.333333333333,0,0
5733a70c4776f41900660f62,1.0,0,1.0,0,0
5733a70c4776f41900660f63,1.0,0,1.0,0,0
5733a70c4776f41900660f65,0.0,3,0.25,0,0
5733a7bd4776f41900660f6b,0.0,2,0.333333333333,0,0
5733a7bd4776f41900660f6c,1.0,0,1.0,0,0
5733a7bd4776f41900660f6e,1.0,0,1.0,0,0.105263157895
5733a7bd4776f41900660f6a,1.0,0,1.0,0,0
5733a7bd4776f41900660f6d,0.0,4,0.2,0,0.142857142857
5733ac31d058e614000b5ff3,1.0,0,1.0,0,0
5733ac31d058e614000b5ff6,1.0,0,1.0,0,0
5733ac31d058e614000b5ff4,0.0,1,0.5,0,0
5733ac31d058e614000b5ff5,1.0,0,1.0,0,0
5733ac31d058e614000b5ff7,1.0,0,1.0,0,0
5733ad384776f41900660fec,0.0,2,0.333333333333,0,0
5733ad384776f41900660fed,0.0,2,0.333333333333,0,0
5733ad384776f41900660fee,1.0,0,1.0,0,0
5733ad384776f41900660fef,0.0,1,0.5,0,0
5733ad384776f41900660ff0,1.0,0,1.0,0,0.666666666667
5733ae924776f41900661014,1.0,0,1.0,0,0.166666666667
5733ae924776f41900661013,1.0,0,1.0,0,0
5733ae924776f41900661015,1.0,0,1.0,0,0.6
5733ae924776f41900661016,0.0,-1,0.0,0,0
5733ae924776f41900661017,1.0,0,1.0,0,0
5733afd3d058e614000b6045,1.0,0,1.0,0,0
5733afd3d058e614000b6047,0.0,1,0.5,0,0
5733afd3d058e614000b6048,1.0,0,1.0,0,0.5
5733afd3d058e614000b6046,1.0,0,1.0,0,0
5733afd3d058e614000b6049,1.0,0,1.0,0,0
5733b0fb4776f41900661041,0.0,-1,0.0,0,0
5733b0fb4776f41900661043,1.0,0,1.0,0,0
5733b0fb4776f41900661044,1.0,0,1.0,0,0.6
5733b0fb4776f41900661045,0.0,2,0.333333333333,0,0.153846153846
5733b0fb4776f41900661042,0.0,3,0.25,0,0.5
5733b1da4776f41900661068,1.0,0,1.0,0,0
5733b1da4776f41900661069,1.0,0,1.0,0,0
5733b1da4776f4190066106a,1.0,0,1.0,0,0.666666666667
5733b1da4776f4190066106b,1.0,0,1.0,0,0.666666666667
5733b1da4776f41900661067,1.0,0,1.0,0,0.857142857143
5733b2fe4776f4190066108f,1.0,0,1.0,0,0
5733b2fe4776f41900661091,1.0,0,1.0,0,0
5733b2fe4776f41900661092,1.0,0,1.0,0,0
5733b2fe4776f41900661093,1.0,0,1.0,0,0
5733b2fe4776f41900661090,0.0,1,0.5,0,0
5733b3d64776f419006610a3,1.0,0,1.0,0,0
5733b3d64776f419006610a4,1.0,0,1.0,0,0.666666666667
5733b3d64776f419006610a5,0.0,1,0.5,0,0
5733b3d64776f419006610a6,0.0,1,0.5,0,0
5733b5344776f419006610dd,1.0,0,1.0,0,0
5733b5344776f419006610de,0.0,1,0.583333333333,0,0
5733b5344776f419006610df,0.0,2,0.333333333333,0,0
5733b5344776f419006610e0,1.0,0,1.0,0,0
5733b5344776f419006610e1,1.0,0,1.0,0,0.333333333333
5733b5df4776f41900661105,1.0,0,1.0,0,0.117647058824
5733b5df4776f41900661106,0.0,1,0.5,0,0
5733b5df4776f41900661107,1.0,0,1.0,0,0
5733b5df4776f41900661108,1.0,0,1.0,0,0
5733b5df4776f41900661109,1.0,0,1.0,0,0
5733b699d058e614000b6118,0.0,2,0.333333333333,0,0
5733b699d058e614000b6119,1.0,0,0.833333333333,0,0
5733b699d058e614000b611a,0.0,2,0.333333333333,0,0
5733b699d058e614000b611b,0.0,1,0.5,0,0
5733b699d058e614000b611c,0.0,1,0.5,0,0
5733b7f74776f4190066112d,1.0,0,1.0,0,0.444444444444
5733b7f74776f4190066112e,0.0,2,0.333333333333,0,0
5733b7f74776f4190066112f,1.0,0,1.0,0,0
5733b7f74776f41900661130,0.0,2,0.333333333333,0,0
5733b7f74776f41900661131,0.0,2,0.333333333333,0,0
57338653d058e614000b5c84,0.0,-1,0.0,0,0
57338653d058e614000b5c81,1.0,0,1.0,0,0
57338653d058e614000b5c82,0.0,-1,0.0,0,0
57338653d058e614000b5c83,0.0,4,0.2,0,0
57338653d058e614000b5c85,0.0,1,0.5,0,0
57338724d058e614000b5c9f,1.0,0,1.0,0,0.5
57338724d058e614000b5ca1,1.0,0,1.0,0,0
57338724d058e614000b5c9d,1.0,0,1.0,0,0
57338724d058e614000b5c9e,1.0,0,1.0,0,0
57338724d058e614000b5ca0,0.0,3,0.25,0,0
573387acd058e614000b5cb1,0.0,2,0.333333333333,0,0
573387acd058e614000b5cb2,0.0,3,0.25,0,0
